{
    "Hfxx":[
        1.0,
        0.97,
        0.73,
        0.29,
        0.09,
        0.03
    ],
    "Hfzz":[
        1.0,
        0.96,
        0.73,
        0.29,
        0.09,
        0.03
    ],
    "Hgebouw":[
        1.0,
        1.1,
        1.3,
        3.6,
        3.7,
        7.1
    ],
    "Hxx":[
        1.0,
        0.97,
        0.73,
        0.29,
        0.09,
        0.03
    ],
    "Hxz":[
        0.0,
        0.0,
        0.0,
        0.0,
        0.0,
        0.0
    ],
    "Hzx":[
        0.38,
        0.67,
        1.04,
        0.85,
        0.53,
        0.36
    ],
    "Hzz1":[
        1.01,
        1.02,
        0.92,
        1.04,
        0.12,
        0.07
    ],
    "Hzz2":[
        1.0,
        0.97,
        0.75,
        0.32,
        0.16,
        0.11
    ],
    "cov_Hfxx":[
        [
            0.006,
            0.012,
            0.019,
            0.019,
            0.017,
            0.016
        ],
        [
            0.012,
            0.025,
            0.047,
            0.056,
            0.054,
            0.054
        ],
        [
            0.019,
            0.047,
            0.112,
            0.154,
            0.156,
            0.16
        ],
        [
            0.019,
            0.056,
            0.154,
            0.23,
            0.239,
            0.248
        ],
        [
            0.017,
            0.054,
            0.156,
            0.239,
            0.252,
            0.261
        ],
        [
            0.016,
            0.054,
            0.16,
            0.248,
            0.261,
            0.271
        ]
    ],
    "cov_Hfzz":[
        [
            0.006,
            0.012,
            0.019,
            0.019,
            0.017,
            0.016
        ],
        [
            0.012,
            0.025,
            0.048,
            0.056,
            0.054,
            0.054
        ],
        [
            0.019,
            0.048,
            0.112,
            0.154,
            0.156,
            0.16
        ],
        [
            0.019,
            0.056,
            0.154,
            0.23,
            0.239,
            0.248
        ],
        [
            0.017,
            0.054,
            0.156,
            0.239,
            0.252,
            0.261
        ],
        [
            0.016,
            0.054,
            0.16,
            0.248,
            0.261,
            0.271
        ]
    ],
    "cov_Hxx":[
        [
            0.006,
            0.012,
            0.019,
            0.019,
            0.017,
            0.016
        ],
        [
            0.012,
            0.025,
            0.047,
            0.056,
            0.054,
            0.054
        ],
        [
            0.019,
            0.047,
            0.112,
            0.154,
            0.156,
            0.16
        ],
        [
            0.019,
            0.056,
            0.154,
            0.23,
            0.239,
            0.248
        ],
        [
            0.017,
            0.054,
            0.156,
            0.239,
            0.252,
            0.261
        ],
        [
            0.016,
            0.054,
            0.16,
            0.248,
            0.261,
            0.271
        ]
    ],
    "cov_Hxz":[
        [
            0.0,
            0.0,
            0.0,
            0.0,
            0.0,
            0.0
        ],
        [
            0.0,
            0.0,
            0.0,
            0.0,
            0.0,
            0.0
        ],
        [
            0.0,
            0.0,
            0.0,
            0.0,
            0.0,
            0.0
        ],
        [
            0.0,
            0.0,
            0.0,
            0.0,
            0.0,
            0.0
        ],
        [
            0.0,
            0.0,
            0.0,
            0.0,
            0.0,
            0.0
        ],
        [
            0.0,
            0.0,
            0.0,
            0.0,
            0.0,
            0.0
        ]
    ],
    "cov_Hzx":[
        [
            0.288,
            0.288,
            0.287,
            0.285,
            0.277,
            0.276
        ],
        [
            0.288,
            0.288,
            0.29,
            0.29,
            0.283,
            0.281
        ],
        [
            0.287,
            0.29,
            0.309,
            0.327,
            0.322,
            0.323
        ],
        [
            0.285,
            0.29,
            0.327,
            0.373,
            0.375,
            0.38
        ],
        [
            0.277,
            0.283,
            0.322,
            0.375,
            0.381,
            0.387
        ],
        [
            0.276,
            0.281,
            0.323,
            0.38,
            0.387,
            0.394
        ]
    ],
    "cov_Hzz1":[
        [
            0.006,
            0.012,
            0.019,
            0.02,
            0.017,
            0.016
        ],
        [
            0.012,
            0.025,
            0.048,
            0.057,
            0.054,
            0.054
        ],
        [
            0.019,
            0.048,
            0.113,
            0.156,
            0.156,
            0.16
        ],
        [
            0.02,
            0.057,
            0.156,
            0.249,
            0.242,
            0.253
        ],
        [
            0.017,
            0.054,
            0.156,
            0.242,
            0.252,
            0.262
        ],
        [
            0.016,
            0.054,
            0.16,
            0.253,
            0.262,
            0.272
        ]
    ],
    "cov_Hzz2":[
        [
            0.006,
            0.012,
            0.019,
            0.019,
            0.017,
            0.017
        ],
        [
            0.012,
            0.025,
            0.048,
            0.056,
            0.054,
            0.055
        ],
        [
            0.019,
            0.048,
            0.112,
            0.154,
            0.156,
            0.162
        ],
        [
            0.019,
            0.056,
            0.154,
            0.23,
            0.24,
            0.25
        ],
        [
            0.017,
            0.054,
            0.156,
            0.24,
            0.253,
            0.265
        ],
        [
            0.017,
            0.055,
            0.162,
            0.25,
            0.265,
            0.289
        ]
    ]
}